82.28873308299808 Training_Time (s)
1.8517899539983773 Test_time (s)
98.9362021971754 Kappa accuracy (%)
99.06684027777779 Overall accuracy (%)
99.19636032044492 Average accuracy (%)
[100.          98.13229572  99.46380697  99.53051643 100.
  99.84756098 100.         100.         100.          98.85714286
  98.59665007  98.68913858 100.         100.          98.84393064
  95.18072289] Each accuracy (%)
                              precision    recall  f1-score   support

                     Alfalfa     1.0000    1.0000    1.0000        41
                 Corn-notill     0.9798    0.9813    0.9806      1285
                Corn-mintill     0.9867    0.9946    0.9907       746
                        Corn     1.0000    0.9953    0.9976       213
               Grass-pasture     0.9932    1.0000    0.9966       435
                 Grass-trees     0.9939    0.9985    0.9962       656
         Grass-pasture-mowed     1.0000    1.0000    1.0000        25
               Hay-windrowed     1.0000    1.0000    1.0000       430
                        Oats     1.0000    1.0000    1.0000        18
              Soybean-notill     0.9863    0.9886    0.9874       875
             Soybean-mintill     0.9905    0.9860    0.9882      2209
               Soybean-clean     0.9906    0.9869    0.9887       534
                       Wheat     0.9892    1.0000    0.9946       184
                       Woods     0.9991    1.0000    0.9996      1136
Buildings-Grass-Trees-Drives     1.0000    0.9884    0.9942       346
          Stone-Steel-Towers     0.9753    0.9518    0.9634        83

                    accuracy                         0.9907      9216
                   macro avg     0.9928    0.9920    0.9924      9216
                weighted avg     0.9907    0.9907    0.9907      9216

[[  41    0    0    0    0    0    0    0    0    0    0    0    0    0
     0    0]
 [   0 1261    3    0    0    0    0    0    0    3   18    0    0    0
     0    0]
 [   0    3  742    0    0    0    0    0    0    1    0    0    0    0
     0    0]
 [   0    1    0  212    0    0    0    0    0    0    0    0    0    0
     0    0]
 [   0    0    0    0  435    0    0    0    0    0    0    0    0    0
     0    0]
 [   0    1    0    0    0  655    0    0    0    0    0    0    0    0
     0    0]
 [   0    0    0    0    0    0   25    0    0    0    0    0    0    0
     0    0]
 [   0    0    0    0    0    0    0  430    0    0    0    0    0    0
     0    0]
 [   0    0    0    0    0    0    0    0   18    0    0    0    0    0
     0    0]
 [   0    5    0    0    1    0    0    0    0  865    3    1    0    0
     0    0]
 [   0   12    4    0    1    4    0    0    0    8 2178    0    2    0
     0    0]
 [   0    2    3    0    0    0    0    0    0    0    0  527    0    0
     0    2]
 [   0    0    0    0    0    0    0    0    0    0    0    0  184    0
     0    0]
 [   0    0    0    0    0    0    0    0    0    0    0    0    0 1136
     0    0]
 [   0    2    0    0    1    0    0    0    0    0    0    0    0    1
   342    0]
 [   0    0    0    0    0    0    0    0    0    0    0    4    0    0
     0   79]]