51.72418754827231 Training_Time (s)
8.929277847521007 Test_time (s)
99.5032521182745 Kappa accuracy (%)
99.55383811230585 Overall accuracy (%)
99.57295974688972 Average accuracy (%)
[ 99.39637827 100.          99.84662577  99.12917271 100.
 100.          99.97177533  98.94179894 100.          99.5991366
  99.33774834 100.          98.12568908  99.52785647  99.29117443
 100.        ] Each accuracy (%)
                           precision    recall  f1-score   support

    Brocoli_green_weeds_1     0.9965    0.9940    0.9952      1988
    Brocoli_green_weeds_2     0.9968    1.0000    0.9984      3687
                   Fallow     1.0000    0.9985    0.9992      1956
        Fallow_rough_plow     0.9978    0.9913    0.9945      1378
            Fallow_smooth     0.9955    1.0000    0.9977      2649
                  Stubble     0.9997    1.0000    0.9999      3917
                   Celery     1.0000    0.9997    0.9999      3543
         Grapes_untrained     0.9957    0.9894    0.9925     11151
     Soil_vinyard_develop     0.9980    1.0000    0.9990      6141
Corn_senesced_green_weeds     0.9988    0.9960    0.9974      3243
      Lettuce_romaine_4wk     1.0000    0.9934    0.9967      1057
      Lettuce_romaine_5wk     1.0000    1.0000    1.0000      1908
      Lettuce_romaine_6wk     0.9955    0.9813    0.9883       907
      Lettuce_romaine_7wk     0.9832    0.9953    0.9892      1059
        Vinyard_untrained     0.9838    0.9929    0.9883      7195
 Vinyard_vertical_trellis     1.0000    1.0000    1.0000      1789

                 accuracy                         0.9955     53568
                macro avg     0.9963    0.9957    0.9960     53568
             weighted avg     0.9956    0.9955    0.9955     53568

[[ 1976    12     0     0     0     0     0     0     0     0     0     0
      0     0     0     0]
 [    0  3687     0     0     0     0     0     0     0     0     0     0
      0     0     0     0]
 [    0     0  1953     3     0     0     0     0     0     0     0     0
      0     0     0     0]
 [    0     0     0  1366    12     0     0     0     0     0     0     0
      0     0     0     0]
 [    0     0     0     0  2649     0     0     0     0     0     0     0
      0     0     0     0]
 [    0     0     0     0     0  3917     0     0     0     0     0     0
      0     0     0     0]
 [    0     0     0     0     0     1  3542     0     0     0     0     0
      0     0     0     0]
 [    0     0     0     0     0     0     0 11033     0     0     0     0
      0     0   118     0]
 [    0     0     0     0     0     0     0     0  6141     0     0     0
      0     0     0     0]
 [    0     0     0     0     0     0     0     0    12  3230     0     0
      0     1     0     0]
 [    7     0     0     0     0     0     0     0     0     0  1050     0
      0     0     0     0]
 [    0     0     0     0     0     0     0     0     0     0     0  1908
      0     0     0     0]
 [    0     0     0     0     0     0     0     0     0     0     0     0
    890    17     0     0]
 [    0     0     0     0     0     0     0     0     0     1     0     0
      4  1054     0     0]
 [    0     0     0     0     0     0     0    48     0     3     0     0
      0     0  7144     0]
 [    0     0     0     0     0     0     0     0     0     0     0     0
      0     0     0  1789]]