111.18950687907636 Training_Time (s)
7.3031118819490075 Test_time (s)
99.22315551063734 Kappa accuracy (%)
99.4140625 Overall accuracy (%)
98.96103103549446 Average accuracy (%)
[ 99.39309057 100.          97.05304519  97.10535173 100.
  99.9589491  100.          98.87986558  98.25897715] Each accuracy (%)
                      precision    recall  f1-score   support

             Asphalt     0.9924    0.9939    0.9932      6426
             Meadows     0.9983    1.0000    0.9991     18085
              Gravel     0.9960    0.9705    0.9831      2036
               Trees     0.9962    0.9711    0.9835      2971
Painted metal sheets     1.0000    1.0000    1.0000      1305
           Bare Soil     0.9953    0.9996    0.9974      4872
             Bitumen     0.9946    1.0000    0.9973      1287
Self-Blocking Bricks     0.9703    0.9888    0.9795      3571
             Shadows     0.9934    0.9826    0.9880       919

            accuracy                         0.9941     41472
           macro avg     0.9929    0.9896    0.9912     41472
        weighted avg     0.9942    0.9941    0.9941     41472

[[ 6387     0     2     2     0     0     1    32     2]
 [    0 18085     0     0     0     0     0     0     0]
 [    0     0  1976     0     0     0     0    60     0]
 [   19    27     0  2885     0    23     0    15     2]
 [    0     0     0     0  1305     0     0     0     0]
 [    0     2     0     0     0  4870     0     0     0]
 [    0     0     0     0     0     0  1287     0     0]
 [   30     2     6     0     0     0     0  3531     2]
 [    0     0     0     9     0     0     6     1   903]]