189.10841178428382 Training_Time (s)
1.7278124410659075 Test_time (s)
99.08451300358973 Kappa accuracy (%)
99.19704861111111 Overall accuracy (%)
99.43644859866873 Average accuracy (%)
[100.          97.89883268  99.59785523 100.          99.54022989
  99.84756098 100.         100.         100.          99.08571429
  99.230421    98.31460674  98.91304348 100.          98.55491329
 100.        ] Each accuracy (%)
                              precision    recall  f1-score   support

                     Alfalfa     1.0000    1.0000    1.0000        41
                 Corn-notill     0.9960    0.9790    0.9874      1285
                Corn-mintill     0.9802    0.9960    0.9880       746
                        Corn     0.9861    1.0000    0.9930       213
               Grass-pasture     1.0000    0.9954    0.9977       435
                 Grass-trees     0.9970    0.9985    0.9977       656
         Grass-pasture-mowed     1.0000    1.0000    1.0000        25
               Hay-windrowed     1.0000    1.0000    1.0000       430
                        Oats     1.0000    1.0000    1.0000        18
              Soybean-notill     0.9808    0.9909    0.9858       875
             Soybean-mintill     0.9910    0.9923    0.9916      2209
               Soybean-clean     1.0000    0.9831    0.9915       534
                       Wheat     1.0000    0.9891    0.9945       184
                       Woods     0.9930    1.0000    0.9965      1136
Buildings-Grass-Trees-Drives     0.9913    0.9855    0.9884       346
          Stone-Steel-Towers     0.9881    1.0000    0.9940        83

                    accuracy                         0.9920      9216
                   macro avg     0.9940    0.9944    0.9941      9216
                weighted avg     0.9920    0.9920    0.9920      9216

[[  41    0    0    0    0    0    0    0    0    0    0    0    0    0
     0    0]
 [   0 1258    3    0    0    0    0    0    0    5   18    0    0    1
     0    0]
 [   0    0  743    3    0    0    0    0    0    0    0    0    0    0
     0    0]
 [   0    0    0  213    0    0    0    0    0    0    0    0    0    0
     0    0]
 [   0    0    0    0  433    0    0    0    0    0    2    0    0    0
     0    0]
 [   0    0    0    0    0  655    0    0    0    0    0    0    0    1
     0    0]
 [   0    0    0    0    0    0   25    0    0    0    0    0    0    0
     0    0]
 [   0    0    0    0    0    0    0  430    0    0    0    0    0    0
     0    0]
 [   0    0    0    0    0    0    0    0   18    0    0    0    0    0
     0    0]
 [   0    4    0    0    0    0    0    0    0  867    0    0    0    1
     3    0]
 [   0    1    3    0    0    2    0    0    0   11 2192    0    0    0
     0    0]
 [   0    0    7    0    0    0    0    0    0    1    0  525    0    0
     0    1]
 [   0    0    2    0    0    0    0    0    0    0    0    0  182    0
     0    0]
 [   0    0    0    0    0    0    0    0    0    0    0    0    0 1136
     0    0]
 [   0    0    0    0    0    0    0    0    0    0    0    0    0    5
   341    0]
 [   0    0    0    0    0    0    0    0    0    0    0    0    0    0
     0   83]]