12.951993087306619 Training_Time (s)
1.3256748840212822 Test_time (s)
98.2771666714065 Kappa accuracy (%)
98.70032793209876 Overall accuracy (%)
97.78305554299381 Average accuracy (%)
[99.03516962 99.87282278 98.96856582 94.37899697 99.08045977 99.97947455
 99.14529915 94.483338   95.10337323] Each accuracy (%)
                      precision    recall  f1-score   support

             Asphalt     0.9737    0.9904    0.9819      6426
             Meadows     0.9982    0.9987    0.9985     18085
              Gravel     0.9487    0.9897    0.9687      2036
               Trees     0.9908    0.9438    0.9667      2971
Painted metal sheets     0.9977    0.9908    0.9942      1305
           Bare Soil     0.9959    0.9998    0.9978      4872
             Bitumen     0.9748    0.9915    0.9831      1287
Self-Blocking Bricks     0.9698    0.9448    0.9572      3571
             Shadows     0.9583    0.9510    0.9547       919

            accuracy                         0.9870     41472
           macro avg     0.9787    0.9778    0.9781     41472
        weighted avg     0.9871    0.9870    0.9870     41472

[[ 6364     7     4     1     0     0     0    41     9]
 [    4 18062     0     6     0     5     4     4     0]
 [    8     0  2015     0     0     0     0     3    10]
 [   37    24    27  2804     2    10     3    57     7]
 [    0     0     0     0  1293     0     0     0    12]
 [    0     1     0     0     0  4871     0     0     0]
 [   11     0     0     0     0     0  1276     0     0]
 [  105     1    74    12     0     5     0  3374     0]
 [    7     0     4     7     1     0    26     0   874]]